2228487955
2228487994
2228488046
2228488069
2228488101
2228488132
2228488161
2228488196
2228488230
2228488266
2228488283
2228488305
2228488325
2228488335
2228488362
2228488383
2228488414
2228488417
2228488419
2228488420
2228488421
2228488426
2228488428
2228488429
2228488430
2228488431
2228488432
2228488433
2228488454
2228488481
2228488486
2228488532
2228488549
2228488550
2228488552
2228488553
2228488558
2228488559
2228488560
2228488561
2228488562
2228488563
2228488564
2228488565
2228488566
2228488567
2228488569
2228488571
2228488572
2228488581
2228488593
2228488627
2228488636
2228488637
2228488638
2228488639
2228488642
2228488643
2228488644
2228488645
2228488646
2228488647
2228488648
2228488649
2228488650
2228488651
2228488652
2228488653
2228488654
2228488655
2228488656
2228488657
2228488658
2228488659
2228488660
2228488666
2228488691
2228488729
2228488755
2228488762
2228488785
2228488815
2228488818
2228488826
2228488832
2228488851
2228488924
2228488954
2228488987
2228489011
2228489023
2228489024
2228489025
2228489026
2228489027
2228489028
2228489029
2228489030
2228489033
2228489034
2228489040
2228489106
2228489152
2228489185
2228489269
2228489277
2228489289
2228489310
2228489314
2228489315
2228489316
2228489317
2228489318
2228489319
2228489320
2228489346
2228489347
2228489348
2228489349
2228489372
2228489413
2228489440
2228489442
2228489443
2228489445